6
3
3
6
4
5
4
6
3
-3
-5
-6
-3
-5
-5
-4
-10
-6
-6
-1
5
7
9
13
14
17
18
19
21
22
23
25
21
22
21
14
7
5
2
-6
-12
-16
-19
-20
-22
-20
-21
-22
-20
-15
-13
-10
-12
-8
-4
5
5
8
9
6
7
10
11
13
15
18
19
22
19
12
10
7
8
6
5
2
-3
-5
-2
-3
3
5
6
5
8
12
13
12
8
5
6
5
6
2
-5
-11
-16
-15
-16
-14
-11
-11
-16
-19
-21
-26
-24
-21
-17
-9
-2
6
11
15
19
18
20
22
25
29
25
21
19
14
13
6
5
4
6
1
-3
-2
-1

3
3
4
5
5
5

-2
-6
-3
-2
-3
-2
-6
-12
-16
-18
-19
-20
-18
-23
-24
-21
-14
-11
-8
-6
2
-4
-4
-3
3
5
5
4
4
3
4
1
-3
-2
-1
-3

2

-4
-7
-2
1
6
3

4
3
8
11
14
19
23
28
30
30
31
31
35
36
34
33
28
25
20
17
14
12
8
5
5
5
5
5
5
5
5
6
4
2
6
5
5
3
-5
-8
-10
-12
-15
-20
-17
-18
-18
-21
-27
-31
-31
-29
-28
-29
-27
-28
-26
-20
-9
-5
6
9
5
5

-5
-4
-3
-2

-6
-10
-8
-1
-2
-3
-7
-10
-11
-9
-7
-10
-7
-4
-2
-1
8
14
15
14
11
7
5
5
7
13
14
10
3
-2
-4

4
9
10
8
2
-7
-11
-14
-16
-16
-18
-15
-16
-18
-27
-27
-27
-24
-19
-11
-8
4
5
12
18
20
21
24
22
17
18
19
23
22
21
20
20
12
2
-7
-12
-10
-10
-11
-13
-13
-10
-4
10
17
21
25
34
40
42
36
29
20
12
7
6
16
22
20
13
8
7
9
7
1

-3
-3
-7
-13
-18
-17
-14
-15
-12
-5
4
-3
-9
-12
-18
-15
-17
-19
-22
-19
-23
-30
-39
-42
-36
-36
-35
-35
-30
-29
-38
-40
-38
-38
-35
-29
-29
-36
-36
-38
-43
-44
-43
-39
-32
-25
-17
-15
-15
-8
-1
7
13
17
25
30
35
43
56
65
69
68
69
69
68
63
55
50
42
33
27
24
24
19
18
21
22
12
5
5
5
5
5
4
-3
-8
-4
-6
-11
-11
-4
9
17
16
10
1
-8
-18
-17
-9
-7
-13
-31
-38
-33
-26
-17
-14
-18
-5
18
36
37
26
21
21
36
52
64
68
62
54
31
18
21
8
-9
-14
-11
-12
-15
-15
-22
-19
-12
-15
-20
-4
7
5
8
3
-7
-23
-25
-31
-35
-34
-23
-20
-36
-44
-42
-31
-21
-27
-34
-30
-24
-13
-15
-14
-21
-25
-19
-2
14
20
7
-5
-20
-13
4
11
10
13
22
25

-18
-11
6
9
5
17
32
34
40
50
46
41
53
51
35
28
29
24
18
16
10
3
3

-7
2
5
5
15
30
37
31
27
17
7
5
6
6
-1
-4
-7
-6
-6
-8
-7
-14
-3
13
17
20
22
14
-2
-3
4
8
1
-15
-35
-45
-41
-46
-64
-62
-48
-33
-16
-6
-5
-5
8
29
36
25
23
35
43
41
35
24
-2
-13
-10
-21
-31
-26
-26
-15
-8
-7
-14
-20
-20
-15
-25
-26
-26
-36
-44
-31
-16
-2
6
5
-2
-9
18
42
34
10
14
28
33
33
48
42
36
35
19
4
-10
-3
13
39
59
50
40
36
27
17
34
58
60
55
76
75
59
36
17
-11
-34
-32
-29
-50
-64
-56
-49
-44
-35
-30
-31
-11
-10
-35
-54
-55
-38
-18
6
8
-10
-9
5
-1
-4

7
-4
-4
27
23
-2
-9
-25
-46
-21
20
28
15
-3
-23
-43
-38
-14
-13
-13
27
69
69
43
18
14
-18
-39
-5
55
77
89
90
66
32
11
2
-12
-22
-19
-25
-46
-36
-24
-57
-78
-68
-54
-46
-33
2
13
12
22
25
18
25
62
67
45
45
51
37
21
23
1
-18
-10
-18
-30
-29
-41
-64
-87
-93
-80
-59
-54
-52
-32
-18
-25
-35
-24
-5
26
63
57
37
38
37
22
4
10
22
22
28
48
59
68
64
46
28
20
46
59
23
-20
-44
-68
-83
-61
-20
-4
5
32
35
1
7
24
22
2
17
60
67
50
28
-7
-51
-49
4
26
-5
4
45
52
27
12
-8
-35
-64
-83
-65
-44
-29
17
27
19
-10
-36
-9
29
19
25
19
2
-23

-75
-24
89
102
-51
-184
-124
-64
-30
-52
-26
-4
19

-5
16
43
19
-33
-63
6
77
73
36
-16
-51
-32
-7
-16
-42
-53
-37
-37
-45
-29
7
31
27
19
24
34
71
63
40
19
51
71
66
39
14
34
53
53
75
84
57
11
10
21
3
28
81
50
-27
-12
29
-21
-74
-20
39
12
-2
28
20
-34
-52
-54
-67
-57
4
38
-28
-56
-7
-26
-75
-72
-48
-68
-69
15
62
13
-23
-9
-18
-24
31
55
-11
-50
-21
5
1
8
53
61
14
-8
18
5
-48
-69
-37
-7
25
76
98
65
-4
-53
-83
-94
-91
-69
-8
38
72
72
35
-12
-57
-55
-8
12
49
86
97
68
33
29
3
-61
-49
5
2
-3
32
19
-22
-46
-44
-39
-59
-7
59
42
16
4
2
-31
-49
-14
3
-13
1
40
49
19
-16
-41
-68
-93
-50
22
22
8
39
72
60
30
-12
-68
-105
-70
-18
24
52
46
18
8
31
58
12
-55
-33
-12
-23
-9
50
85
15
-62
-23
28
14
-10
36
69
49
54
51
5
-31
-30
-11
-20
-9
53
57
3
-27
-8
25
39
46
67
53
23
26
22
-5
-22
-10
17
32
33
58
63
32
10
-7
-6
-7
-20
-31
-38
-23
-9
2
-1
-24
-13
9
-10
-33
-45
-50
-29

44
67
59
42
-4
-47
-58
-47
-35
-42
-40
-17
26
45
27
17
11
-1
-26
-50
-48
-58
-69
-56
-44
-42
-25
-16
-43
-96
-130
-126
-121
-107
-68
-1
27
-4
-37
-51
-72
-94
-116
-119
-95
-53
-28
-45
-73
-68
-67
-81
-64
-42
-27
19
35
19
-4
-15
4
27
105
187
194
162
141
123
109
96
112
134
146
182
203
211
235
234
219
230
231
217
208
201
177
121
67
40
-5
-34
-57
-95
-90
-98
-92
-50
-40
-23
-27
-26
-20
-25
-4
22
28
34
51
45
31
10
-16
-38
-69
-75
-56
-43
-28
-21
-38
-59
-88
-96
-109
-122
-96
-71
-62
-72
-78
-71
-78
-89
-98
-103
-104
-83
-68
-65
-84
-144
-200
-257
-302
-327
-343
-345
-338
-298
-254
-172
-111
-119
-132
-177
-267
-364
-408
-405
-400
-376
-354
-290
-235
-200
-208
-323
-438
-525
-599
-494
-11
820
1887
2490
2573
2435
2061
1729
1162
586
282
26
-80
-185
-146
-188
-519
-1008
-1381
-1580
-1690
-1529
-1226
-770
-294
73
361
449
488
500
432
371
406
493
608
728
793
805
663
415
130
-129
-281
-389
-476
-481
-395
-291
-243
-241
-217
-102
32
121
235
317
363
400
358
294
222
160
92
32
42
65
70
57
38
9
-30
-44
-51
-42
-37
-47
-78
-105
-93
-101
-127
-146
-184
-204
-189
-164
-138
-95
-44
-11
8
40
50
37
17
-18
-49
-75
-122
-172
-220
-260
-307
-379
-423
-457
-476
-465
-455
-456
-454
-479
-484
-476
-481
-442
-446
-430
-459
-544
-574
-710
-841
-904
-969
-956
-762
31
1533
3102
3830
3760
3468
3175
2673
1576
597
77
-383
-745
-928
-728
-646
-1078
-1630
-2041
-2257
-2316
-2229
-1968
-1448
-757
-70
515
899
1194
1354
1276
1125
1021
990
1016
999
1028
1120
1093
905
511
72
-326
-774
-1198
-1442
-1451
-1339
-1197
-989
-686
-432
-311
-227
-156
-66
32
154
360
582
795
986
1086
1080
1001
833
731
680
633
655
537
344
114
-207
-461
-756
-996
-1106
-1094
-955
-731
-495
-246
-91
21
116
311
284
399
501
496
526
513
508
351
213
31
-143
-301
-361
-441
-431
-382
-334
-290
-252
-204
-183
-200
-180
-195
-199
-165
-160
-129
-118
-152
-198
-290
-368
-422
-453
-461
-479
-472
-479
-490
-507
-500
-516
-566
-644
-730
-791
-936
-1062
-1111
-1107
-643
428
2142
3734
4198
4207
4013
3911
3316
1644
241
-696
-1265
-1703
-1926
-1557
-1318
-1529
-1828
-1885
-1814
-1796
-1895
-2008
-1802
-1295
-500
322
981
1589
2115
2330
2392
2250
1957
1643
1134
647
404
339
283
7
-314
-560
-827
-1174
-1567
-1855
-1985
-1986
-1864
-1480
-942
-437
21
434
801
1050
1175
1200
1140
1042
1005
996
992
965
898
803
595
286
-38
-354
-578
-731
-776
-570
-377
-279
-175
-190
-123
-122
-255
-280
-262
-154
38
214
412
519
504
497
371
191
110
-4
-123
-191
-188
-138
-136
-170
-193
-249
-305
-313
-345
-322
-265
-232
-189
-141
-98
-83
-123
-160
-182
-213
-217
-223
-277
-316
-361
-419
-469
-532
-592
-585
-580
-586
-578
-632
-656
-743
-932
-1066
-1276
-1457
-1429
-937
382
2286
3814
4438
4664
4830
4963
4160
2308
713
-470
-1502
-2519
-3112
-2829
-2403
-2300
-2099
-1633
-1250
-1113
-1298
-1506
-1494
-1377
-1010
-517
126
987
1900
2666
3242
3431
3358
3038
2267
1236
393
-327
-906
-1435
-1754
-1682
-1480
-1387
-1378
-1314
-1216
-1233
-1412
-1434
-1256
-1021
-721
-275
374
1075
1616
2011
2293
2369
2213
1867
1383
844
319
-119
-470
-740
-896
-928
-922
-946
-970
-909
-776
-683
-581
-251
293
760
1045
1168
1269
1333
1122
699
247
-125
-455
-775
-923
-892
-777
-576
-379
-188
34
220
292
280
261
255
171
64
-25
-65
-129
-208
-305
-384
-421
-454
-506
-525
-490
-376
-252
-164
-81
-21
15
-15
-101
-207
-344
-469
-625
-748
-836
-886
-877
-895
-923
-980
-1057
-1139
-1292
-1334
-914
186
1906
3255
3810
4249
4753
5274
4764
3177
1832
698
-675
-2311
-3381
-3370
-3194
-3295
-3149
-2405
-1545
-1075
-847
-648
-491
-534
-676
-647
-354
187
855
1468
2105
2825
3369
3587
3369
2800
2014
1027
-14
-1036
-1910
-2442
-2668
-2716
-2590
-2176
-1584
-1098
-792
-552
-271
-144
-218
-242
-81
143
352
669
1176
1720
2076
2290
2371
2251
1859
1248
585
-100
-810
-1418
-1815
-1996
-1998
-1824
-1499
-1117
-740
-275
267
640
954
1291
1551
1738
1628
1373
1184
868
375
-157
-564
-867
-1159
-1327
-1310
-1156
-923
-660
-364
-20
280
498
600
657
662
548
362
152
-40
-240
-439
-593
-699
-753
-740
-658
-525
-403
-285
-148
-50
1
-4
-43
-95
-210
-341
-491
-649
-751
-861
-943
-1039
-1146
-1218
-1272
-1382
-1428
-1139
-263
1302
2632
3233
3721
4328
5102
5044
3826
2667
1685
448
-1239
-2634
-2977
-3081
-3512
-3707
-3127
-2111
-1469
-1130
-626
-156
-54
-246
-360
-199
-19
98
288
675
1367
2082
2605
2915
2985
2856
2398
1692
885
-28
-956
-1807
-2429
-2757
-2825
-2593
-2188
-1744
-1228
-637
-105
199
326
437
471
343
203
237
437
597
756
1069
1439
1682
1724
1669
1538
1157
590
-3
-542
-1090
-1593
-1885
-1937
-1819
-1572
-1187
-645
-21
583
1124
1547
1815
1846
1688
1405
981
539
65
-399
-755
-991
-1089
-1091
-1015
-865
-682
-478
-273
-75
110
267
364
413
432
437
395
287
134
-30
-203
-392
-574
-689
-739
-734
-703
-620
-474
-313
-162
-50
21
60
67
11
-91
-225
-396
-567
-747
-910
-1026
-1154
-1285
-1396
-1477
-1413
-1043
-171
1116
2060
2520
3014
3733
4439
4295
3411
2681
1978
853
-557
-1535
-1887
-2315
-3005
-3246
-2676
-1949
-1601
-1299
-691
-130
-48
-168
-40
182
86
-235
-323
-56
354
663
935
1401
1768
1968
2030
2018
1843
1387
706
36
-543
-1065
-1553
-1899
-2026
-1976
-1794
-1453
-1005
-564
-216
69
300
424
447
418
359
250
129
115
216
362
510
681
874
1013
1064
1068
983
751
397
31
-302
-624
-917
-1114
-1173
-1135
-1004
-689
-141
470
857
1071
1227
1298
1251
973
530
156
-202
-587
-822
-870
-825
-751
-699
-569
-315
-102
5
62
126
167
132
95
129
164
109
-3
-73
-65
-82
-176
-288
-367
-415
-461
-482
-482
-479
-488
-483
-407
-289
-185
-131
-159
-209
-255
-331
-448
-605
-793
-982
-1185
-1368
-1397
-1229
-728
191
1042
1525
2066
2839
3660
3988
3569
3057
2710
1968
830
-179
-901
-1463
-2179
-2750
-2648
-2227
-1918
-1644
-1214
-627
-243
-99
74
263
219
-96
-371
-352
-206
-169
-160
73
524
927
1234
1551
1832
1919
1720
1410
1129
720
139
-466
-962
-1302
-1566
-1700
-1628
-1440
-1210
-922
-577
-211
67
243
338
342
279
210
148
69
-12
-38
41
186
365
552
751
904
973
985
934
797
553
242
-71
-354
-600
-782
-834
-686
-399
-84
172
391
592
714
671
493
256
-10
-277
-519
-666
-696
-658
-584
-449
-260
-66
85
184
241
245
203
137
77
24
-45
-122
-184
-206
-202
-209
-248
-297
-317
-323
-357
-394
-419
-446
-456
-380
-299
-341
-404
-410
-334
-332
-433
-575
-626
-695
-879
-1075
-1177
-1070
-709
-30
657
1068
1504
2226
3001
3461
3339
3022
2879
2366
1442
586
-184
-802
-1504
-2230
-2428
-2355
-2186
-1921
-1637
-1216
-768
-373
-48
127
171
102
23
-63
-139
-162
-186
-134
46
329
684
1036
1307
1515
1641
1645
1547
1284
891
453
-46
-542
-962
-1268
-1440
-1558
-1583
-1428
-1149
-835
-540
-263

178
283
345
362
306
186
87
57
62
99
187
302
454
613
768
885
922
887
772
590
361
112
-137
-387
-548
-529
-398
-276
-123
45
192
314
328
252
157
-15
-251
-398
-506
-556
-530
-510
-396
-240
-79
88
200
267
275
239
196
133
51
-63
-170
-247
-294
-300
-291
-287
-282
-293
-304
-311
-336
-365
-409
-472
-520
-531
-512
-488
-506
-527
-520
-530
-588
-691
-780
-876
-1002
-1040
-807
-181
564
955
1296
2002
2825
3347
3397
3194
3136
2746
1796
1007
346
-371
-1213
-2113
-2450
-2465
-2499
-2344
-2066
-1633
-1194
-799
-336
31
214
199
143
146
97
17
-83
-113
-9
157
386
713
1058
1323
1507
1613
1654
1578
1297
922
465
-43
-522
-942
-1260
-1521
-1690
-1688
-1538
-1294
-1002
-681
-355
-85
133
328
454
470
407
328
262
193
153
172
219
290
404
560
723
829
875
877
807
662
462
237
15
-167
-242
-249
-276
-272
-208
-124
-65
-74
-136
-172
-258
-392
-455
-480
-469
-430
-382
-263
-98
56
186
283
350
368
335
277
189
69
-74
-212
-312
-379
-415
-418
-407
-388
-372
-364
-348
-345
-362
-383
-402
-419
-427
-449
-477
-518
-566
-607
-649
-716
-808
-933
-1033
-1005
-789
-308
395
916
1264
1860
2629
3212
3397
3217
3081
2851
2063
1199
548
-137
-928
-1829
-2352
-2383
-2409
-2381
-2193
-1805
-1349
-957
-535
-139
134
194
123
128
140
86
-28
-109
-35
125
320
578
927
1227
1429
1563
1633
1628
1440
1093
672
190
-283
-729
-1103
-1402
-1634
-1716
-1625
-1421
-1170
-875
-555
-258
-2
218
390
456
439
384
321
257
197
190
228
271
348
485
659
793
863
898
896
840
718
514
306
136
-2
-146
-279
-398
-461
-479
-518
-536
-516
-521
-509
-504
-466
-360
-270
-191
-102
24
155
254
329
384
393
353
285
207
106
-21
-166
-293
-394
-454
-485
-490
-477
-455
-416
-381
-359
-318
-297
-307
-324
-346
-358
-359
-400
-444
-499
-551
-598
-622
-762
-898
-1035
-1066
-1008
-609
152
802
1099
1515
2328
3122
3422
3283
3112
3059
2395
1411
712
99
-623
-1606
-2343
-2428
-2364
-2374
-2284
-1936
-1432
-1017
-618
-222
125
265
179
100
106
100
3
-128
-115
48
277
511
862
1226
1470
1604
1659
1688
1562
1213
754
227
-287
-749
-1147
-1473
-1720
-1811
-1724
-1513
-1241
-894
-528
-219
33
256
457
535
490
418
343
270
196
185
244
304
381
518
707
871
954
999
994
898
726
559
419
224
-34
-295
-460
-573
-679
-767
-807
-801
-792
-752
-644
-502
-355
-231
-103
56
224
370
465
513
517
494
438
341
207
42
-126
-292
-427
-524
-594
-623
-603
-536
-464
-394
-322
-263
-225
-223
-235
-246
-255
-310
-389
-446
-499
-553
-624
-693
-744
-802
-909
-1021
-1105
-1082
-775
-33
840
1319
1634
2305
3261
3814
3685
3308
3175
2762
1622
559
-106
-773
-1715
-2754
-3068
-2820
-2644
-2508
-2206
-1600
-987
-521
-102
256
490
455
313
250
253
235
138
121
295
602
908
1233
1574
1780
1832
1733
1560
1278
769
144
-518
-1139
-1601
-1918
-2111
-2201
-2104
-1790
-1345
-883
-422
47
403
615
764
872
880
742
565
440
363
327
362
480
600
700
806
917
964
871
682
492
217
-157
-429
-533
-604
-725
-759
-642
-410
-251
-182
-77
29
40
-26
-40
-40
-62
-83
-112
-39
85
167
233
246
261
235
176
71
-54
-206
-352
-477
-560
-593
-579
-531
-454
-374
-287
-215
-170
-161
-199
-238
-290
-357
-405
-455
-520
-571
-584
-571
-576
-650
-741
-817
-951
-1140
-1262
-1046
-250
926
1587
1854
2547
3674
4550
4413
3697
3342
2846
1501
-20
-1074
-1796
-2683
-3753
-4150
-3720
-3090
-2505
-2017
-1341
-507
234
714
872
924
839
639
411
300
409
532
674
960
1356
1804
2160
2302
2133
1723
1174
517
-280
-1168
-1938
-2582
-3042
-3159
-2889
-2402
-1874
-1242
-452
331
913
1294
1555
1599
1417
1138
890
705
503
353
331
431
608
796
934
945
806
544
199
-208
-692
-1156
-1539
-1758
-1804
-1660
-1276
-695
68
869
1440
1824
2122
2202
2018
1510
783
113
-499
-1060
-1444
-1630
-1603
-1410
-1143
-777
-317
108
405
543
597
636
602
459
256
44
-161
-322
-451
-562
-634
-683
-687
-650
-594
-514
-418
-347
-276
-202
-123
-59
-35
-59
-133
-257
-418
-592
-778
-963
-1174
-1419
-1622
-1761
-1600
-910
454
1844
2467
3075
3975
5009
5421
4642
3641
2741
1387
-230
-1716
-2700
-3338
-4000
-4451
-4169
-3276
-2202
-1361
-835
-247
413
847
909
765
562
386
261
257
542
1007
1492
1940
2241
2487
2658
2534
1975
1054
44
-915
-1816
-2655
-3229
-3464
-3413
-3069
-2427
-1535
-587
191
803
1276
1598
1709
1602
1331
1003
721
534
477
535
674
856
984
1032
997
853
524
1
-627
-1222
-1690
-2039
-2239
-2227
-1968
-1482
-765
86
817
1697
2469
2800
2962
2791
2375
1811
901
-73
-912
-1602
-2046
-2311
-2380
-2109
-1642
-1116
-530
29
563
966
1138
1193
1181
1033
774
432
32
-299
-597
-858
-1053
-1190
-1202
-1092
-883
-601
-308
-56
150
310
379
354
277
131
-78
-353
-656
-855
-1056
-1170
-1304
-1358
-1385
-1372
-1321
-1302
-1189
-688
489
2109
2952
3367
3925
4706
5332
4804
3642
2599
1356
-163
-1766
-2924
-3470
-3896
-4350
-4381
-3660
-2533
-1468
-871
-426
183
688
915
886
756
756
812
860
1082
1518
2072
2517
2627
2490
2314
1998
1346
300
-890
-1885
-2640
-3262
-3632
-3606
-3221
-2594
-1861
-989
-32
792
1336
1604
1700
1681
1556
1320
1049
858
763
791
888
1001
1095
1056
869
520
60
-457
-1042
-1639
-2140
-2416
-2449
-2238
-1828
-1228
-474
299
980
1559
1991
2330
2633
2689
2470
2194
1548
941
365
-361
-963
-1578
-2122
-2370
-2389
-2158
-1709
-1219
-659
-42
521
1077
1464
1586
1549
1279
911
509
43
-423
-829
-1176
-1371
-1397
-1298
-1048
-727
-345
27
311
523
603
541
362
106
-180
-448
-734
-987
-1158
-1251
-1225
-1157
-1069
-987
-897
-793
-861
-990
-1110
-893
51
1618
2730
3278
3860
4572
5413
5321
4242
3049
1651
12
-1753
-3250
-4002
-4417
-4789
-4856
-4214
-2986
-1565
-592
-15
593
1077
1352
1343
1124
1016
991
987
1121
1453
2015
2565
2744
2537
2161
1682
999
-39
-1328
-2457
-3256
-3765
-3982
-3819
-3217
-2321
-1379
-428
511
1339
1941
2180
2089
1841
1550
1271
1013
779
668
708
819
890
886
789
561
135
-470
-1118
-1678
-2114
-2424
-2556
-2402
-1962
-1315
-551
258
1057
1716
2143
2342
2418
2516
2504
2200
1785
1188
592
120
-543
-1178
-1746
-2235
-2459
-2476
-2244
-1719
-1097
-450
190
773
1346
1741
1804
1658
1303
837
354
-180
-667
-1036
-1305
-1427
-1397
-1227
-911
-540
-160
193
437
603
644
511
267
-27
-357
-644
-877
-1086
-1189
-1208
-1127
-1000
-873
-722
-628
-571
-601
-762
-949
-1148
-1030
-211
1470
2804
3495
4119
4702
5550
5507
4341
2958
1366
-378
-2240
-3845
-4598
-4829
-4932
-4793
-4078
-2808
-1219
-66
568
1095
1368
1494
1401
1107
957
918
963
1140
1461
2017
2617
2859
2608
2043
1311
497
-556
-1844
-2943
-3683
-4045
-4059
-3697
-2876
-1775
-681
269
1074
1757
2240
2360
2125
1715
1299
982
753
598
568
677
813
854
775
599
323
-151
-825
-1517
-2060
-2376
-2500
-2433
-2103
-1514
-742
78
888
1610
2145
2452
2645
2666
2573
2534
1977
1268
550
-320
-912
-1495
-2108
-2465
-2599
-2481
-2070
-1506
-762
-23
546
1063
1415
1630
1774
1563
1160
695
150
-334
-737
-1081
-1296
-1391
-1362
-1186
-937
-540
-100
262
534
653
625
525
341
33
-321
-684
-982
-1162
-1250
-1213
-1105
-963
-819
-682
-575
-485
-468
-632
-842
-1111
-1197
-534
1076
2654
3454
4005
4474
5305
5559
4568
3139
1585
-144
-2001
-3760
-4652
-4819
-4789
-4638
-4117
-3015
-1413
-74
674
1179
1384
1465
1381
1091
934
936
1016
1166
1371
1817
2440
2805
2670
2065
1210
350
-621
-1789
-2839
-3577
-3930
-3945
-3610
-2822
-1700
-549
416
1152
1697
2109
2261
2105
1734
1257
883
650
535
547
651
802
854
727
486
179
-229
-807
-1466
-2053
-2376
-2438
-2283
-1896
-1307
-552
253
1004
1635
2089
2334
2426
2467
2484
2224
1770
1210
442
-197
-854
-1515
-1983
-2320
-2489
-2364
-2003
-1403
-704
-42
562
1026
1374
1623
1617
1434
1120
629
140
-322
-737
-1018
-1195
-1279
-1252
-1130
-861
-523
-161
209
467
576
565
411
199
-14
-297
-597
-880
-1102
-1170
-1159
-1078
-925
-832
-717
-624
-605
-592
-673
-882
-1158
-1151
-402
1315
2853
3592
4173
4617
5360
5386
4270
2913
1363
-402
-2291
-3971
-4726
-4793
-4686
-4444
-3849
-2760
-1244
-12
740
1274
1421
1432
1273
971
883
956
1109
1285
1458
1843
2386
2705
2579
1957
1043
109
-920
-2024
-2922
-3537
-3790
-3745
-3386
-2576
-1469
-321
645
1319
1746
2010
2061
1908
1586
1160
804
575
479
529
682
857
912
744
426
36
-405
-929
-1519
-2049
-2344
-2384
-2167
-1710
-1070
-316
439
1098
1626
2015
2208
2271
2311
2312
2033
1531
995
400
-138
-673
-1315
-1846
-2146
-2305
-2230
-1901
-1372
-750
-140
410
876
1267
1558
1582
1376
1058
617
148
-271
-657
-954
-1120
-1192
-1167
-1031
-770
-461
-155
148
366
469
479
378
183
-56
-320
-596
-828
-970
-1052
-1043
-966
-858
-757
-672
-607
-557
-568
-667
-858
-1137
-1224
-741
601
2350
3352
4033
4452
4953
5304
4518
3241
1796
91
-1671
-3436
-4529
-4737
-4569
-4252
-3723
-2890
-1631
-331
518
1146
1387
1346
1217
891
724
795
967
1238
1448
1703
2134
2478
2522
2137
1324
368
-659
-1752
-2644
-3261
-3539
-3492
-3214
-2598
-1674
-597
423
1185
1615
1826
1840
1697
1455
1107
817
618
499
498
593
785
938
863
579
142
-344
-839
-1352
-1820
-2118
-2199
-2043
-1682
-1131
-421
319
973
1465
1765
1983
2151
2093
1882
1728
1379
1076
665
25
-456
-947
-1407
-1767
-2039
-2060
-1856
-1505
-983
-426
154
740
1103
1321
1436
1316
1097
751
292
-129
-514
-800
-991
-1101
-1068
-952
-793
-560
-326
-56
233
393
426
337
154
-25
-231
-453
-654
-818
-934
-990
-975
-885
-769
-675
-633
-609
-608
-647
-794
-1006
-1160
-866
148
1816
3041
3792
4326
4638
5038
4609
3467
2179
589
-1107
-2811
-4113
-4566
-4484
-4158
-3635
-2943
-1970
-761
165
875
1275
1260
1157
887
650
679
857
1184
1480
1682
1992
2299
2425
2239
1595
674
-332
-1418
-2347
-3000
-3345
-3337
-3110
-2631
-1884
-959
41
886
1413
1661
1683
1547
1359
1094
851
695
590
560
601
731
903
939
759
373
-136
-662
-1174
-1620
-1930
-2058
-2002
-1742
-1303
-698
-3
665
1210
1553
1766
1936
2079
2019
1847
1646
1186
774
197
-438
-890
-1323
-1691
-1951
-2033
-1863
-1495
-1001
-424
92
576
997
1193
1309
1301
1092
807
405
-30
-419
-717
-908
-1019
-1050
-958
-824
-632
-374
-126
129
352
424
386
265
104
-66
-286
-513
-731
-922
-1001
-1004
-956
-826
-687
-583
-492
-459
-490
-565
-704
-939
-1086
-743
333
1914
3001
3709
4146
4452
4728
4153
3066
1830
311
-1269
-2852
-3998
-4365
-4207
-3794
-3225
-2574
-1662
-585
260
933
1229
1191
1086
793
549
535
717
1097
1415
1614
1850
2068
2177
2009
1419
584
-352
-1351
-2197
-2806
-3086
-3009
-2728
-2275
-1633
-833
64
829
1305
1533
1514
1368
1148
881
687
579
530
526
551
656
795
840
732
402
-49
-549
-1036
-1445
-1710
-1809
-1742
-1508
-1145
-643
-52
551
1073
1421
1690
1919
1928
1763
1549
1248
922
547
35
-495
-864
-1174
-1434
-1559
-1574
-1443
-1170
-808
-421
2
442
782
967
1066
1025
873
670
373
4
-322
-589
-794
-918
-929
-845
-712
-532
-345
-163
67
272
357
337
231
67
-118
-323
-530
-711
-808
-842
-867
-863
-776
-700
-588
-497
-497
-511
-577
-717
-915
-1018
-658
375
1836
2887
3581
3951
4204
4395
3865
2911
1736
330
-1120
-2607
-3689
-4074
-3933
-3509
-2978
-2415
-1628
-672
125
773
1067
1088
1015
758
531
475
653
1033
1342
1528
1701
1850
1949
1833
1349
648
-188
-1101
-1891
-2498
-2781
-2729
-2475
-2071
-1553
-894
-117
585
1077
1337
1358
1248
1047
791
617
531
501
517
516
567
667
735
691
467
89
-339
-783
-1179
-1443
-1566
-1526
-1349
-1074
-700
-232
288
820
1254
1502
1565
1451
1344
1283
1116
948
660
328
29
-337
-660
-957
-1154
-1285
-1373
-1337
-1135
-804
-363
80
412
707
890
940
907
763
552
275
-31
-330
-592
-741
-769
-751
-681
-587
-484
-334
-150
23
171
259
250
148
-8
-185
-351
-490
-593
-698
-778
-791
-745
-650
-546
-477
-434
-443
-503
-633
-803
-956
-950
-591
268
1568
2579
3328
3810
4011
4174
3742
2818
1718
408
-947
-2268
-3328
-3805
-3745
-3398
-2839
-2263
-1552
-666
39
628
959
993
959
747
502
396
478
781
1124
1350
1538
1694
1776
1729
1366
774
75
-737
-1501
-2128
-2508
-2542
-2344
-1992
-1526
-968
-310
329
827
1139
1248
1180
1017
779
564
439
396
421
453
489
555
617
630
529
272
-65
-452
-833
-1134
-1333
-1385
-1288
-1083
-761
-353
111
575
959
1213
1310
1293
1257
1111
885
716
481
262
101
-145
-356
-508
-694
-857
-967
-1001
-930
-772
-527
-259
-3
287
501
618
695
650
530
366
140
-95
-302
-450
-549
-609
-601
-539
-464
-348
-237
-139
-13
90
118
91
29
-85
-213
-338
-459
-553
-594
-611
-624
-613
-565
-521
-454
-423
-446
-505
-608
-733
-874
-894
-583
103
1270
2290
3009
3518
3711
3828
3544
2781
1821
670
-573
-1789
-2858
-3454
-3498
-3255
-2764
-2232
-1646
-866
-182
396
810
950
977
836
584
425
419
601
902
1113
1277
1424
1504
1525
1326
906
368
-303
-1000
-1629
-2089
-2259
-2172
-1929
-1561
-1132
-625
-40
467
864
1075
1106
1039
868
656
502
416
412
424
401
413
445
467
444
304
77
-202
-524
-825
-1050
-1160
-1132
-1006
-810
-550
-231
135
535
916
1134
1211
1201
1129
1008
834
656
441
249
50
-214
-411
-572
-700
-805
-886
-916
-853
-688
-468
-212
50
315
491
595
634
578
491
350
151
-69
-272
-422
-513
-549
-530
-475
-402
-308
-234
-171
-75
18
74
89
57
-21
-122
-235
-348
-449
-512
-533
-557
-553
-535
-499
-431
-389
-376
-400
-454
-534
-676
-820
-905
-725
-198
755
1768
2527
3141
3424
3587
3475
2914
2144
1172
43
-1141
-2235
-3008
-3268
-3186
-2856
-2361
-1851
-1162
-489
91
594
857
971
919
703
482
374
422
619
821
977
1150
1267
1346
1310
1066
714
203
-406
-1020
-1558
-1887
-1973
-1890
-1687
-1371
-969
-460
38
465
803
980
1035
951
770
586
455
376
329
292
276
303
350
379
363
264
109
-111
-387
-653
-854
-955
-957
-880
-736
-522
-244
64
409
757
1030
1169
1159
1063
890
737
595
377
186
-24
-256
-427
-581
-696
-745
-753
-734
-682
-584
-400
-168
59
281
411
494
536
490
418
304
150
-13
-193
-360
-475
-529
-510
-461
-404
-316
-241
-167
-73
6
73
114
105
41
-71
-208
-322
-420
-484
-512
-525
-506
-489
-461
-417
-366
-321
-326
-367
-453
-580
-721
-866
-852
-562
94
1075
1905
2598
3061
3305
3430
3159
2591
1801
837
-233
-1348
-2308
-2898
-3059
-2946
-2578
-2150
-1619
-960
-363
195
606
830
910
812
610
407
319
381
555
719
879
1044
1159
1255
1203
1011
699
239
-302
-872
-1357
-1665
-1789
-1752
-1584
-1316
-950
-499
-52
360
684
873
942
878
738
573
428
337
273
231
219
241
291
344
357
305
190
12
-218
-455
-660
-795
-846
-825
-735
-582
-363
-92
221
547
800
946
986
973
900
794
657
458
283
98
-101
-280
-435
-551
-634
-682
-714
-688
-603
-453
-278
-87
103
248
367
444
451
419
347
230
82
-79
-229
-349
-426
-454
-448
-418
-348
-269
-190
-111
-45
9
55
71
52
-11
-96
-196
-285
-366
-423
-456
-464
-444
-421
-390
-363
-334
-324
-337
-375
-447
-544
-673
-814
-865
-678
-231
601
1480
2185
2756
3040
3235
3165
2755
2134
1299
360
-679
-1680
-2441
-2816
-2860
-2655
-2294
-1870
-1296
-704
-153
327
632
808
823
685
480
311
273
360
510
650
816
971
1122
1205
1147
982
670
230
-282
-811
-1250
-1530
-1652
-1633
-1502
-1265
-911
-481
-62
319
612
791
852
783
646
499
378
289
216
173
182
235
308
375
407
383
297
124
-96
-338
-556
-705
-794
-821
-776
-657
-454
-202
71
362
635
836
934
926
880
776
627
490
331
169
42
-134
-294
-409
-514
-582
-623
-636
-606
-530
-399
-239
-76
106
252
347
420
425
377
309
195
55
-92
-227
-334
-407
-429
-412
-368
-300
-222
-164
-100
-38
5
37
49
22
-28
-92
-169
-246
-310
-349
-382
-407
-414
-396
-368
-333
-306
-301
-300
-326
-387
-471
-592
-727
-850
-797
-516
95
939
1646
2277
2689
2958
3111
2900
2472
1817
998
64
-948
-1822
-2399
-2639
-2633
-2417
-2097
-1655
-1088
-556
-28
379
641
771
703
538
347
225
220
301
400
527
703
883
1064
1162
1153
1030
746
315
-175
-659
-1055
-1332
-1497
-1547
-1472
-1275
-952
-558
-156
219
513
694
749
697
598
483
367
256
160
98
99
151
243
354
435
464
420
290
106
-99
-315
-500
-655
-762
-799
-759
-624
-423
-178
94
342
558
744
855
918
886
782
638
474
288
104
-71
-220
-330
-435
-506
-550
-559
-518
-462
-381
-277
-164
-34
84
178
266
319
326
303
229
128
33
-83
-188
-282
-348
-377
-369
-330
-268
-195
-113
-42
2
33
47
42
26
-14
-81
-158
-235
-311
-367
-400
-406
-372
-335
-287
-254
-228
-209
-213
-243
-302
-381
-465
-580
-709
-834
-805
-553
-24
744
1401
1991
2422
2702
2901
2782
2450
1911
1186
341
-600
-1449
-2037
-2343
-2421
-2319
-2093
-1742
-1238
-724
-206
232
527
698
680
540
364
227
175
179
208
270
411
601
820
1017
1114
1124
976
670
280
-147
-543
-877
-1148
-1340
-1424
-1384
-1192
-888
-530
-159
162
406
560
613
608
565
477
354
214
97
41
50
107
210
320
401
437
411
335
226
78
-95
-293
-489
-643
-724
-723
-636
-490
-313
-118
72
272
467
619
719
750
722
667
556
428
311
181
87
-15
-142
-243
-344
-412
-460
-498
-509
-488
-430
-337
-219
-85
62
177
269
321
322
300
236
138
33
-88
-191
-270
-323
-336
-310
-264
-197
-130
-71
-15
20
32
28
4
-33
-75
-139
-195
-246
-280
-296
-312
-318
-307
-277
-234
-217
-211
-216
-227
-245
-285
-348
-421
-501
-600
-704
-685
-510
-103
538
1094
1594
1983
2260
2517
2512
2306
1925
1362
689
-116
-893
-1482
-1839
-2021
-2077
-2020
-1817
-1424
-963
-492
-48
277
509
585
527
420
314
244
183
118
69
124
263
459
673
840
950
965
849
641
370
85
-212
-533
-840
-1085
-1209
-1207
-1076
-875
-617
-338
-74
151
329
460
536
546
472
353
216
102
50
37
58
103
167
244
314
363
389
376
307
173
3
-181
-346
-470
-550
-591
-583
-522
-413
-269
-92
89
260
399
502
559
590
642
669
626
549
405
268
138
-16
-167
-310
-432
-522
-591
-623
-583
-490
-362
-227
-114
18
138
241
312
330
305
256
164
66
-36
-129
-192
-241
-282
-290
-268
-216
-142
-84
-43
-11
-2
-5
-18
-35
-52
-80
-123
-174
-220
-240
-246
-249
-256
-257
-245
-224
-210
-197
-189
-187
-201
-243
-295
-348
-402
-467
-558
-600
-516
-293
161
652
1082
1472
1756
2039
2197
2159
1969
1608
1131
526
-152
-762
-1224
-1526
-1718
-1823
-1800
-1617
-1275
-877
-462
-98
178
384
465
474
422
345
268
155
46
-22
-9
93
252
429
590
714
783
785
716
585
399
146
-148
-456
-722
-899
-978
-977
-908
-775
-586
-370
-140
77
268
403
469
461
393
306
219
136
70
14
-17
-9
38
107
198
279
333
348
318
246
155
45
-73
-208
-339
-441
-500
-506
-459
-374
-257
-130
14
150
291
420
514
558
579
580
557
501
395
268
141
14
-123
-265
-385
-460
-509
-528
-518
-472
-386
-266
-153
-37
61
151
226
266
269
242
189
119
41
-43
-122
-188
-233
-252
-255
-234
-194
-142
-92
-47
-18
2
6
3
-16
-43
-83
-127
-169
-200
-222
-238
-243
-243
-234
-216
-200
-186
-171
-170
-177
-197
-219
-255
-298
-353
-420
-469
-442
-337
-73
309
664
993
1253
1507
1753
1851
1811
1612
1310
921
430
-89
-560
-935
-1212
-1417
-1544
-1545
-1398
-1133
-812
-483
-188
63
243
364
427
424
376
275
136
14
-74
-90
-41
46
149
272
404
533
633
681
665
590
441
230
-7
-238
-439
-598
-725
-806
-817
-754
-633
-461
-269
-77
82
219
306
355
372
355
301
214
122
49

-19
-13
17
59
112
172
223
261
277
261
204
114
12
-91
-195
-277
-346
-390
-401
-372
-301
-194
-63
68
197
336
456
543
583
573
526
438
309
164
7
-138
-261
-363
-440
-480
-479
-434
-363
-282
-187
-92
-3
70
114
150
163
149
119
77
36
-9
-54
-91
-120
-136
-140
-139
-130
-116
-94
-79
-67
-57
-57
-53
-48
-47
-48
-58
-73
-87
-103
-117
-135
-153
-172
-189
-195
-193
-188
-184
-177
-170
-165
-168
-171
-186
-213
-249
-306
-374
-390
-345
-204
53
307
576
802
1022
1294
1470
1558
1529
1372
1160
844
471
83
-282
-620
-895
-1147
-1304
-1318
-1242
-1055
-842
-617
-362
-137
69
230
329
383
374
292
187
87
-1
-40
-67
-73
-31
27
131
267
382
484
548
565
534
454
333
197
31
-145
-323
-487
-591
-650
-656
-616
-539
-436
-299
-151
-12
113
217
289
319
308
282
233
177
114
53
4
-27
-32
-17
21
60
99
149
181
200
199
181
140
78
6
-76
-155
-219
-255
-267
-256
-220
-166
-76
42
173
292
381
420
436
425
369
284
156
26
-107
-233
-333
-401
-431
-418
-379
-323
-231
-139
-35
59
111
154
165
152
125
78
29
-27
-90
-135
-164
-178
-163
-138
-110
-76
-52
-22
6
10
9
-5
-27
-50
-69
-87
-98
-113
-117
-120
-122
-114
-105
-114
-108
-107
-115
-119
-123
-131
-137
-144
-152
-173
-187
-200
-218
-259
-291
-324
-299
-234
-77
116
305
501
668
869
1072
1202
1263
1223
1123
969
742
477
191
-95
-364
-614
-841
-974
-1019
-987
-896
-790
-641
-461
-266
-72
73
173
243
265
242
201
137
75
22
-45
-84
-94
-71
1
75
156
246
325
400
449
462
440
383
286
164
33
-108
-235
-347
-437
-498
-535
-524
-468
-386
-288
-175
-68
42
125
198
253
277
281
259
213
163
114
69
39
5
-19
-22
-17
2
28
47
68
76
73
68
53
21
-12
-54
-97
-115
-124
-117
-95
-69
2
70
162
246
302
333
340
314
265
184
76
-25
-137
-235
-314
-374
-386
-371
-328
-261
-177
-91
9
83
145
189
195
182
137
84
24
-42
-109
-159
-202
-226
-222
-204
-167
-126
-92
-51
-18
9
24
25
18
6
-15
-32
-51
-67
-78
-93
-105
-115
-118
-106
-100
-94
-94
-96
-99
-95
-102
-106
-121
-140
-160
-187
-210
-239
-273
-289
-264
-179
-3
164
382
517
676
850
968
1090
1072
1021
900
720
475
206
-66
-312
-524
-754
-900
-992
-999
-879
-756
-566
-379
-179
38
233
393
515
578
558
503
394
282
180
46
-62
-183
-283
-316
-307
-263
-203
-144
-87
-6
54
110
162
164
155
102
41
-14
-73
-119
-157
-198
-219
-200
-161
-81
1
68
138
190
238
287
299
298
257
189
115
43
-27
-91
-158
-213
-246
-266
-251
-213
-171
-109
-55
4
64
105
148
173
172
166
137
110
76
64
40
33
10
28
68
97
147
142
170
152
158
103
58
-11
-76
-145
-221
-269
-306
-296
-280
-239
-186
-117
-22
60
140
192
236
254
252
217
168
109
39
-34
-114
-176
-223
-246
-258
-255
-240
-215
-172
-136
-97
-70
-48
-29
-22
-15
-17
-18
-30
-44
-63
-72
-78
-80
-76
-84
-89
-89
-89
-87
-95
-106
-122
-145
-172
-201
-237
-261
-285
-293
-257
-186
-23
167
412
556
714
854
950
1066
1033
998
860
666
425
146
-127
-347
-544
-749
-876
-968
-959
-825
-675
-444
-256
-65
161
335
494
617
658
620
520
372
237
102
-51
-179
-333
-449
-492
-494
-440
-365
-296
-202
-101
-2
103
189
246
268
243
200
163
105
67
16
-45
-85
-105
-92
-50
-14
29
75
101
140
170
180
179
148
102
57
-3
-60
-108
-164
-196
-218
-224
-201
-173
-125
-67
-11
48
97
133
168
190
183
173
140
99
62
18
-24
-60
-93
-108
-107
-93
-54
-25
19
76
118
178
196
225
218
201
159
92
36
-34
-93
-157
-200
-233
-232
-209
-169
-102
-54
22
76
127
172
193
198
178
134
82
25
-50
-112
-178
-235
-275
-302
-301
-285
-259
-221
-173
-130
-79
-40
-6
24
40
40
40
21
5
-17
-47
-70
-104
-126
-146
-163
-178
-197
-211
-226
-231
-254
-263
-266
-283
-257
-239
-163
-39
154
401
612
729
891
974
1056
1066
971
875
679
435
159
-135
-384
-549
-728
-848
-911
-926
-806
-622
-399
-154
15
217
399
520
626
668
615
491
319
144

-156
-298
-413
-533
-569
-549
-489
-387
-283
-172
-52
44
133
226
287
315
293
236
186
129
70
31
-27
-62
-73
-64
-30
10
51
93
126
140
152
143
117
87
39
-10
-67
-125
-164
-193
-207
-197
-182
-145
-94
-43
22
78
124
169
181
183
171
142
100
62
16
-37
-81
-116
-135
-139
-131
-114
-88
-58
-21
11
46
72
92
117
116
122
115
119
121
127
133
109
120
81
81
61
45
30
-5
-21
-65
-76
-101
-84
-78
-61
-41
-39
-3
21
50
58
46
24
-11
-51
-86
-120
-170
-206
-240
-257
-246
-225
-190
-147
-104
-59
-10
28
62
67
59
36

-31
-69
-101
-145
-181
-221
-241
-262
-257
-258
-262
-242
-249
-229
-240
-235
-218
-194
-111
5
203
444
671
839
925
1060
1049
1053
932
754
552
238
-35
-357
-595
-769
-862
-912
-889
-782
-632
-352
-63
198
411
538
668
705
687
612
445
219
-10
-222
-407
-537
-615
-626
-607
-556
-431
-273
-108
43
134
202
243
260
257
213
149
87
26
-31
-54
-60
-35
13
60
111
165
214
249
254
221
171
87
3
-81
-167
-231
-272
-285
-270
-233
-173
-91
-8
72
143
190
218
222
206
166
111
48
-11
-77
-128
-153
-168
-156
-127
-91
-46
3
53
88
110
117
107
76
44
6
-36
-78
-103
-117
-99
-78
-23
32
100
174
207
247
261
258
260
203
154
84
25
-39
-84
-128
-136
-137
-129
-91
-74
-33
7
38
61
57
39
11
-25
-57
-87
-125
-159
-178
-191
-188
-171
-145
-117
-95
-75
-51
-32
-15
4
-8
-17
-33
-56
-72
-94
-123
-146
-164
-175
-178
-179
-181
-183
-197
-202
-220
-235
-251
-261
-280
-302
-313
-299
-229
-59
157
486
776
1027
1192
1212
1265
1104

